0.0
0.00013538610115700251
0.00026942994704742514
0.0004303715711435791
0.0006830964153669305
0.0009491675045592131
0.001277070628775285
0.0016106543976025993
0.0019878701330316474
0.0024459945807384777
0.0029561663834675304
0.0035930559744973647
0.00423596765262173
0.004901218561021797
0.005697400386667195
0.006508720195220893
0.007477596838315906
0.008537600129768078
0.009738568359213825
0.010978879372078398
0.01252347692070747
0.014155805375441866
0.01585521286008488
0.017657974253607878
0.01996520880732486
0.02246660444804573
0.025203155122579472
0.029790840187318455
0.03388602033552339
0.0387972685889557
0.04352318414014799
0.048513229452624235
0.05425240012085197
0.06001583543520637
0.06706402419391762
0.07428611397500573
0.08282387921012192
0.09170141401182628
0.10110663843940658
0.1122546389756342
0.1275437920132401
0.14208037207685445
0.15967788207805517
0.18074048880004417
0.20112392163691833
0.22384252001529875
0.24946380784672526
0.27575803698832463
0.3054314486598019
0.33846267184954876
0.37300391585284676
0.4176141183853625
0.46138808947432963
0.5107554022217392
0.5673917944683354
0.629070648430842
0.6981377086722748
0.7772501022849161
0.8841650082955621
0.9824918598170477
1.100056899827182
1.2152402752249916
1.3419125606181272
1.4715536086528567
1.6110696798469808
1.7557286691046343
1.9091588589662105
2.06963802285786
2.2389076222333726
2.416464556261469
2.6029216755487954
2.7979884575978207
3.001122688448637
3.212827294739304
3.4337155789718117
3.662870114368066
3.8954880524569795
4.136600579896475
4.378271825149582
4.621469685764179
4.863392640214679
5.102997764326668
5.338285776055981
5.577600308792285
5.81699654655387
6.058549983123987
6.301113084661426
6.545088567165166
6.789898675806898
7.0352728291386075
7.280788221961634
7.52615386198286
7.77102938426318
8.015563606313208
8.259452219051687
8.502765198460468
8.745378262338939
8.9871841383649
9.22804916409744
9.467656737956315
9.70574225425187
9.94192244273411
10.175799598278196
10.407071100567276
10.635444170245409
10.86075238455465
11.08292993002566
11.302166663255704
11.518652293863731
11.73268166946178
11.943104286216062
12.146294104410794
12.339060762122187
12.520584161990667
12.690299879905936
12.848522775741772
13.005634153559441
13.157519284743692
13.306844679351041
13.452913277486111
13.59664772518182
13.737869366676978
13.87688676653883
14.013485059891314
14.148023074242456
14.28247964970406
14.41397369914275
14.543371472173106
14.66737869572139
14.789903469175059
14.852171558441775
